        31         31
        30         31
        30         30
        31         30
        29         30
        29         31
        30         29
        29         29
        31         29
        28         30
        30         28
        28         29
        29         28
        28         31
        28         28
        31         28
      26.5         29
        27         30
      28.5       26.5
      26.5         28
        30       26.5
        26       26.3
      27.7       24.1
        31       26.5
      30.1       23.3
      31.8         25
      32.5         27
        32         28
        32         29
      23.3       22.3
      22.9       26.9
      24.5       28.5
      28.6         20
      30.7        9.2
        33       22.2
        33       25.5
      34.5       24.5
        34       26.5
        33         28
      25.5         30
        33         29
      34.1       17.5
      35.9       22.3
        35       26.5
        34       28.5
      36.5       25.5
        35         28
        32         30
        36       27.5
      38.2       23.8
      38.6       20.9
        33         30
        35       29.5
      37.5       27.5
        34         30
        36       29.5
      38.8         26
        32         31
        33         31
        34         31
      37.3       29.3
      39.5       28.5
        35         31
        31         32
        32         32
        30         32
        33         32
        27         31
        36       31.5
        29         32
        34       32.5
      39.6       16.8
        41         24
        41       26.7
      37.7       30.7
        43       20.8
        35         32
      39.7         31
      42.2       29.5
      44.4         25
      36.8         33
      38.9       33.3
        33         33
        35         33
        32         33
        31         33
        30         33
      42.6       33.7
      46.3       29.1
      34.5         34
        36       35.5
        33         34
      39.1       36.7
        32         34
      49.8       22.2
      46.4       16.7
      33.5       35.5
        31         34
      31.5         35
        29         33
        28         32
        30         34
        34       37.5
        28         33
        29         34
      31.5       36.5
        27         32
      29.5         35
      35.6       39.9
        26         31
        28         34
        27         33
      31.9       39.1
      29.5         36
        26         32
      27.5         35
        27         34
      24.5         31
        26         33
        29       37.5
      24.5         32
      27.5         36
        26         34
      22.8       29.6
      24.5         33
      25.5         35
      24.3       34.3
      28.9       39.9
      26.3       36.7
      30.2       42.8
      26.5         39
      22.5       31.5
      24.5       36.5
      19.1       25.7
      20.2       29.5
      22.3       33.3
      22.7       34.7
      24.6       38.8
      22.2       36.4
      19.9       32.3
      25.7       42.8
        20       34.5
      22.8       39.4
      16.1       29.2
      19.9       37.1
      20.2       40.3
      16.5         33
      16.5         36
      21.9       44.1
      16.7       39.5
      12.4       33.1
        17         44
      11.7       38.1
      12.3       42.7
      57.4       61.8
