         9         37     0.0502    0.00445
         9         38      0.052    0.00422
         9         39     0.0551    0.00489
         9         40     0.0573    0.00461
         9         41      0.056    0.00545
        10         34     0.0505    0.00392
        10         35     0.0541    0.00457
        10         36     0.0609    0.00416
        10         37     0.0612    0.00445
        10         38     0.0591    0.00445
        10         39     0.0585    0.00489
        10         40     0.0601      0.004
        10         41     0.0605    0.00466
        10         42     0.0619    0.00447
        10         43     0.0603    0.00444
        11         33     0.0531    0.00355
        11         34       0.06    0.00502
        11         35     0.0633    0.00456
        11         36     0.0713    0.00559
        11         37     0.0743    0.00459
        11         38     0.0737    0.00526
        11         39     0.0725     0.0038
        11         40     0.0681    0.00511
        11         41     0.0675    0.00471
        11         42     0.0667    0.00541
        11         43      0.063    0.00481
        11         44     0.0566    0.00557
        11         45     0.0523    0.00448
        12         31     0.0522    0.00387
        12         32      0.058    0.00419
        12         33     0.0689    0.00473
        12         34     0.0731    0.00424
        12         35      0.072    0.00435
        12         36     0.0757    0.00488
        12         37     0.0815    0.00419
        12         38     0.0848     0.0044
        12         39     0.0903    0.00489
        12         40     0.0835    0.00431
        12         41     0.0754    0.00443
        12         42     0.0697    0.00466
        12         43     0.0625    0.00401
        12         44     0.0582     0.0043
        12         45      0.055    0.00436
        13         11     0.0788     0.0365
        13         30     0.0539    0.00369
        13         31     0.0637    0.00538
        13         32      0.068    0.00485
        13         33     0.0786    0.00609
        13         34     0.0841    0.00487
        13         35     0.0858    0.00571
        13         36      0.091    0.00427
        13         37     0.0935    0.00555
        13         38      0.095    0.00504
        13         39     0.0987    0.00625
        13         40     0.0949    0.00505
        13         41     0.0867    0.00568
        13         42     0.0819     0.0043
        13         43     0.0643    0.00511
        13         44       0.06    0.00478
        13         45     0.0541     0.0051
        14         28     0.0502    0.00413
        14         29     0.0563    0.00406
        14         30     0.0703    0.00558
        14         31     0.0773    0.00438
        14         32     0.0773    0.00457
        14         33     0.0841    0.00455
        14         34     0.0943    0.00463
        14         35     0.0992    0.00454
        14         36      0.111    0.00562
        14         37      0.111    0.00459
        14         38      0.106    0.00476
        14         39      0.104    0.00482
        14         40     0.0981    0.00472
        14         41     0.0936    0.00452
        14         42      0.089    0.00499
        14         43     0.0761    0.00416
        14         44     0.0656     0.0043
        14         45     0.0577    0.00391
        15         28     0.0601    0.00507
        15         29     0.0645    0.00481
        15         30     0.0771    0.00629
        15         31     0.0866    0.00494
        15         32     0.0919    0.00552
        15         33      0.103    0.00446
        15         34       0.11    0.00546
        15         35      0.111    0.00515
        15         36      0.119    0.00628
        15         37      0.121    0.00497
        15         38       0.12    0.00574
        15         39       0.12    0.00464
        15         40      0.107    0.00541
        15         41        0.1    0.00519
        15         42     0.0912    0.00557
        15         43     0.0795    0.00451
        15         44     0.0711    0.00509
        15         45     0.0667    0.00416
        15         46     0.0521    0.00474
        16         27     0.0609    0.00547
        16         28     0.0702    0.00433
        16         29     0.0745    0.00491
        16         30     0.0847    0.00422
        16         31      0.104    0.00543
        16         32       0.11    0.00492
        16         33      0.124    0.00607
        16         34       0.13    0.00491
        16         35      0.129    0.00538
        16         36       0.13    0.00437
        16         37      0.133    0.00556
        16         38      0.133     0.0051
        16         39      0.133    0.00588
        16         40      0.124    0.00488
        16         41      0.112    0.00547
        16         42      0.101    0.00418
        16         43     0.0793    0.00471
        16         44     0.0737    0.00443
        16         45     0.0678    0.00525
        16         46     0.0577    0.00445
        17         25     0.0512    0.00439
        17         26      0.055     0.0043
        17         27     0.0656    0.00545
        17         28     0.0802    0.00436
        17         29     0.0892    0.00487
        17         30      0.106      0.005
        17         31      0.122    0.00525
        17         32      0.123    0.00522
        17         33      0.132    0.00609
        17         34      0.145    0.00483
        17         35       0.15    0.00548
        17         36      0.159    0.00538
        17         37      0.154    0.00544
        17         38      0.146    0.00541
        17         39      0.138    0.00588
        17         40      0.128    0.00476
        17         41      0.121    0.00534
        17         42      0.115    0.00494
        17         43     0.0885    0.00461
        17         44     0.0775    0.00466
        17         45     0.0678    0.00529
        17         46      0.054     0.0044
        18         24     0.0503    0.00559
        18         25     0.0589     0.0044
        18         26      0.064    0.00543
        18         27     0.0759    0.00393
        18         28        0.1    0.00612
        18         29      0.109    0.00538
        18         30      0.127    0.00726
        18         31       0.14    0.00566
        18         32      0.144    0.00632
        18         33      0.153    0.00454
        18         34      0.171    0.00683
        18         35      0.175    0.00622
        18         36       0.18    0.00751
        18         37      0.176    0.00612
        18         38      0.167    0.00695
        18         39       0.16    0.00482
        18         40      0.131    0.00571
        18         41      0.126    0.00518
        18         42      0.118    0.00636
        18         43      0.102    0.00541
        18         44     0.0853    0.00598
        18         45     0.0741    0.00452
        19         24     0.0543    0.00472
        19         25       0.07    0.00439
        19         26     0.0789    0.00459
        19         27     0.0971    0.00531
        19         28      0.115     0.0048
        19         29       0.12     0.0052
        19         30      0.134    0.00648
        19         31      0.159    0.00547
        19         32      0.171    0.00541
        19         33      0.195    0.00614
        19         34      0.204     0.0057
        19         35      0.197    0.00614
        19         36      0.189    0.00661
        19         37      0.183    0.00549
        19         38      0.182    0.00557
        19         39       0.18    0.00603
        19         40      0.152    0.00517
        19         41      0.132    0.00511
        19         42      0.119     0.0058
        19         43     0.0956    0.00481
        19         44      0.084    0.00492
        19         45     0.0724     0.0059
        19         46     0.0508    0.00492
        20         23     0.0526    0.00509
        20         24     0.0647    0.00392
        20         25     0.0868    0.00649
        20         26     0.0937    0.00572
        20         27      0.109    0.00657
        20         28      0.127     0.0053
        20         29      0.141    0.00622
        20         30      0.164    0.00483
        20         31      0.195    0.00729
        20         32      0.202    0.00643
        20         33       0.22     0.0076
        20         34      0.232    0.00641
        20         35      0.231    0.00821
        20         36      0.233      0.006
        20         37      0.199    0.00684
        20         38      0.194     0.0061
        20         39      0.186    0.00781
        20         40      0.165    0.00615
        20         41      0.142    0.00661
        20         42      0.128    0.00504
        20         43     0.0888     0.0055
        20         44     0.0806    0.00515
        20         45     0.0674    0.00719
        20         46     0.0549     0.0056
        21         22     0.0561    0.00455
        21         23     0.0634    0.00421
        21         24     0.0814    0.00594
        21         25     0.0972    0.00473
        21         26      0.103     0.0051
        21         27      0.119    0.00488
        21         28      0.154    0.00552
        21         29      0.173    0.00518
        21         30      0.213    0.00725
        21         31      0.237     0.0058
        21         32      0.237    0.00647
        21         33      0.241    0.00572
        21         34      0.257    0.00634
        21         35      0.266    0.00612
        21         36      0.271    0.00801
        21         37      0.244    0.00616
        21         38       0.21    0.00612
        21         39      0.192    0.00612
        21         40      0.159    0.00566
        21         41      0.143    0.00526
        21         42      0.125    0.00563
        21         43     0.0985    0.00453
        21         44      0.082    0.00466
        21         45     0.0688    0.00509
        21         46     0.0506    0.00443
        22         22     0.0642    0.00545
        22         23     0.0714    0.00494
        22         24     0.0885    0.00676
        22         25      0.108      0.005
        22         26      0.121    0.00561
        22         27      0.149    0.00486
        22         28      0.186    0.00663
        22         29      0.199    0.00625
        22         30      0.235    0.00824
        22         31      0.272    0.00653
        22         32      0.294    0.00736
        22         33      0.322    0.00638
        22         34      0.308    0.00726
        22         35      0.294    0.00701
        22         36      0.285    0.00891
        22         37      0.256    0.00673
        22         38       0.23    0.00703
        22         39      0.215    0.00565
        22         40      0.162    0.00623
        22         41      0.145    0.00604
        22         42      0.122    0.00604
        22         43     0.0986     0.0048
        22         44     0.0832    0.00537
        22         45     0.0737    0.00438
        23         21     0.0606    0.00592
        23         22      0.072    0.00459
        23         23     0.0776    0.00545
        23         24     0.0957     0.0045
        23         25      0.131    0.00635
        23         26      0.147    0.00575
        23         27      0.186    0.00781
        23         28      0.224    0.00607
        23         29      0.239    0.00704
        23         30      0.276    0.00578
        23         31      0.352    0.00838
        23         32      0.373    0.00741
        23         33      0.409    0.00986
        23         34      0.394    0.00795
        23         35      0.354    0.00866
        23         36      0.316    0.00705
        23         37      0.264    0.00708
        23         38      0.246    0.00646
        23         39       0.22    0.00709
        23         40      0.182    0.00591
        23         41       0.15    0.00656
        23         42      0.127    0.00492
        23         43     0.0898    0.00509
        23         44       0.08     0.0047
        23         45     0.0682    0.00532
        23         46     0.0553    0.00451
        24         20     0.0511     0.0044
        24         21     0.0643    0.00595
        24         22     0.0802    0.00461
        24         23     0.0893    0.00507
        24         24      0.112    0.00511
        24         25      0.148    0.00622
        24         26      0.162    0.00618
        24         27      0.202    0.00781
        24         28      0.266    0.00629
        24         29      0.307    0.00689
        24         30      0.401    0.00754
        24         31      0.452    0.00824
        24         32      0.438    0.00851
        24         33      0.439       0.01
        24         34      0.427    0.00801
        24         35      0.405    0.00872
        24         36      0.374    0.00752
        24         37      0.291     0.0069
        24         38      0.256    0.00708
        24         39       0.22    0.00709
        24         40      0.174     0.0059
        24         41      0.147    0.00652
        24         42      0.127    0.00542
        24         43      0.092    0.00463
        24         44     0.0803    0.00486
        24         45     0.0662    0.00528
        24         46     0.0525    0.00422
        25         19     0.0516    0.00459
        25         20     0.0539    0.00537
        25         21     0.0693    0.00385
        25         22     0.0953    0.00627
        25         23      0.107    0.00541
        25         24      0.133    0.00681
        25         25      0.167    0.00559
        25         26      0.191    0.00718
        25         27      0.247    0.00543
        25         28      0.358    0.00896
        25         29      0.405    0.00781
        25         30      0.522     0.0106
        25         31       0.58    0.00891
        25         32      0.582     0.0108
        25         33      0.567    0.00848
        25         34      0.496     0.0107
        25         35      0.463    0.00955
        25         36      0.394    0.00818
        25         37      0.321    0.00662
        25         38      0.268     0.0079
        25         39      0.232    0.00599
        25         40      0.154    0.00836
        25         41      0.138    0.00732
        25         42      0.117    0.00628
        25         43      0.097    0.00518
        25         44     0.0802    0.00648
        25         45     0.0698    0.00493
        26          7     0.0642    0.00527
        26          8      0.074    0.00503
        26         19     0.0584    0.00448
        26         20     0.0646    0.00441
        26         21     0.0809    0.00541
        26         22      0.103    0.00481
        26         23      0.114    0.00508
        26         24      0.142    0.00566
        26         25      0.196    0.00568
        26         26      0.237    0.00596
        26         27      0.333    0.00806
        26         28      0.449    0.00753
        26         29      0.503    0.00806
        26         30      0.583    0.00962
        26         31      0.727    0.00933
        26         32      0.767    0.00946
        26         33       0.76    0.00978
        26         34      0.639    0.00819
        26         35      0.518     0.0088
        26         36      0.412    0.00712
        26         37      0.303    0.00598
        26         38      0.262    0.00647
        26         39      0.225    0.00614
        26         40      0.167    0.00572
        26         41       0.14    0.00653
        26         42      0.116     0.0055
        26         43      0.089    0.00473
        26         44     0.0759    0.00536
        26         45     0.0641    0.00523
        27          6     0.0531      0.004
        27          7     0.0935    0.00642
        27          8     0.0781    0.00525
        27         19     0.0664    0.00647
        27         20     0.0736    0.00559
        27         21     0.0903    0.00657
        27         22      0.113    0.00509
        27         23      0.128     0.0062
        27         24      0.161    0.00486
        27         25      0.236    0.00844
        27         26      0.279    0.00754
        27         27      0.391     0.0104
        27         28      0.564      0.009
        27         29      0.716      0.012
        27         30      0.944       0.01
        27         31       1.08     0.0149
        27         32       1.01     0.0131
        27         33      0.856     0.0113
        27         34      0.729    0.00896
        27         35      0.589     0.0115
        27         36       0.49    0.00852
        27         37      0.291     0.0076
        27         38      0.259    0.00669
        27         39      0.212    0.00678
        27         40      0.172    0.00574
        27         41      0.142    0.00773
        27         42      0.119    0.00615
        27         43     0.0791    0.00635
        27         44     0.0709    0.00599
        27         45     0.0589    0.00585
        28          7     0.0652    0.00467
        28          8     0.0753    0.00481
        28         18     0.0552    0.00535
        28         19     0.0693     0.0045
        28         20     0.0775    0.00526
        28         21     0.0957    0.00503
        28         22      0.133    0.00566
        28         23      0.152    0.00545
        28         24      0.195    0.00753
        28         25      0.258    0.00626
        28         26      0.304    0.00756
        28         27      0.437    0.00824
        28         28       0.78     0.0107
        28         29       1.05     0.0105
        28         30        1.7     0.0151
        28         31       1.86     0.0127
        28         32       1.62     0.0151
        28         33       1.14      0.011
        28         34      0.732    0.00905
        28         35      0.619    0.00919
        28         36      0.481    0.00824
        28         37      0.338    0.00618
        28         38      0.267    0.00668
        28         39      0.211    0.00564
        28         40      0.148    0.00544
        28         41      0.126    0.00558
        28         42      0.103    0.00561
        28         43     0.0802     0.0045
        28         44     0.0679     0.0052
        28         45     0.0581    0.00444
        29         18     0.0596    0.00558
        29         19     0.0739    0.00468
        29         20     0.0846    0.00548
        29         21      0.105     0.0049
        29         22      0.147    0.00723
        29         23      0.166    0.00663
        29         24      0.212    0.00825
        29         25      0.287    0.00704
        29         26      0.347    0.00871
        29         27        0.5    0.00783
        29         28      0.972     0.0139
        29         29       1.28     0.0132
        29         30       1.77     0.0161
        29         31       2.35      0.015
        29         32       2.36     0.0201
        29         33       1.75     0.0155
        29         34      0.843      0.011
        29         35      0.647     0.0101
        29         36      0.465    0.00847
        29         37      0.331    0.00665
        29         38      0.257    0.00864
        29         39      0.209      0.007
        29         40      0.132    0.00593
        29         41      0.117    0.00577
        29         42     0.0948    0.00568
        29         43     0.0753    0.00449
        29         44     0.0624    0.00555
        29         45      0.054    0.00461
        30         18     0.0615    0.00385
        30         19     0.0837    0.00566
        30         20     0.0949     0.0049
        30         21       0.12    0.00722
        30         22      0.151     0.0059
        30         23      0.174     0.0072
        30         24      0.224    0.00606
        30         25      0.343    0.00824
        30         26      0.411    0.00758
        30         27      0.589    0.00948
        30         28      0.956     0.0101
        30         29       1.28     0.0141
        30         30          2     0.0121
        30         31       3.18     0.0201
        30         32       2.87     0.0177
        30         33       1.84     0.0146
        30         34       1.06     0.0103
        30         35      0.637     0.0103
        30         36      0.473    0.00736
        30         37       0.27    0.00699
        30         38      0.226    0.00645
        30         39      0.179    0.00644
        30         40      0.134    0.00494
        30         41      0.108    0.00541
        30         42     0.0925    0.00408
        30         43     0.0627    0.00491
        30         44     0.0549    0.00463
        31         17     0.0522    0.00456
        31         18     0.0656    0.00476
        31         19     0.0887    0.00507
        31         20     0.0996    0.00501
        31         21      0.125    0.00702
        31         22      0.165    0.00579
        31         23      0.189    0.00666
        31         24      0.238    0.00673
        31         25      0.355    0.00769
        31         26       0.43    0.00778
        31         27      0.627    0.00905
        31         28       1.02    0.00976
        31         29        1.3     0.0129
        31         30       1.63     0.0123
        31         31       2.97     0.0172
        31         32       2.99     0.0175
        31         33       1.78     0.0135
        31         34       0.91    0.00906
        31         35      0.567    0.00942
        31         36      0.422    0.00762
        31         37      0.247    0.00607
        31         38      0.207    0.00615
        31         39      0.166    0.00583
        31         40      0.123    0.00446
        31         41     0.0994    0.00493
        31         42     0.0822     0.0044
        31         43     0.0576    0.00435
        31         44     0.0514    0.00458
        32         16     0.0543    0.00591
        32         17     0.0606    0.00494
        32         18     0.0738    0.00668
        32         19     0.0917    0.00524
        32         20      0.103    0.00649
        32         21      0.128    0.00518
        32         22      0.183    0.00815
        32         23      0.206    0.00705
        32         24      0.257    0.00867
        32         25      0.344    0.00756
        32         26      0.418    0.00982
        32         27      0.566    0.00716
        32         28      0.947     0.0113
        32         29       1.13     0.0106
        32         30       1.45     0.0141
        32         31       1.74     0.0129
        32         32       1.81     0.0185
        32         33       1.36     0.0131
        32         34      0.609    0.00905
        32         35      0.475    0.00802
        32         36       0.34    0.00756
        32         37      0.239    0.00583
        32         38      0.183    0.00645
        32         39      0.156    0.00476
        32         40      0.101    0.00613
        32         41     0.0881    0.00558
        32         42       0.07    0.00538
        32         43     0.0562    0.00427
        33         10     0.0596    0.00435
        33         11     0.0679    0.00449
        33         12     0.0553    0.00441
        33         16      0.056    0.00443
        33         17     0.0609    0.00475
        33         18     0.0758    0.00579
        33         19      0.101    0.00508
        33         20      0.114     0.0051
        33         21      0.137    0.00622
        33         22       0.18    0.00597
        33         23      0.206    0.00641
        33         24      0.263    0.00732
        33         25      0.359    0.00702
        33         26      0.419    0.00764
        33         27      0.507    0.00828
        33         28      0.775    0.00821
        33         29      0.981    0.00968
        33         30       1.28      0.012
        33         31       1.27     0.0115
        33         32       1.19      0.013
        33         33      0.796     0.0101
        33         34      0.486    0.00668
        33         35      0.405    0.00681
        33         36       0.31    0.00623
        33         37      0.202    0.00504
        33         38      0.161    0.00511
        33         39      0.131    0.00507
        33         40     0.0937    0.00473
        33         41     0.0799     0.0051
        33         42     0.0668    0.00441
        33         43     0.0517    0.00397
        34         10     0.0683    0.00454
        34         11     0.0896     0.0056
        34         12     0.0723    0.00384
        34         15     0.0515    0.00606
        34         16     0.0588    0.00437
        34         17     0.0635    0.00515
        34         18      0.078    0.00419
        34         19       0.11    0.00724
        34         20      0.122     0.0062
        34         21      0.147    0.00694
        34         22      0.182    0.00583
        34         23      0.212    0.00719
        34         24      0.256     0.0055
        34         25      0.368    0.00824
        34         26       0.42    0.00715
        34         27      0.506    0.00923
        34         28      0.643    0.00906
        34         29      0.736      0.013
        34         30      0.749    0.00964
        34         31      0.803     0.0106
        34         32      0.763    0.00953
        34         33      0.573    0.00916
        34         34      0.406    0.00686
        34         35      0.311    0.00766
        34         36      0.257     0.0056
        34         37      0.159    0.00615
        34         38      0.141    0.00563
        34         39      0.113    0.00584
        34         40     0.0874    0.00467
        34         41     0.0695    0.00539
        34         42      0.061    0.00416
        35         10     0.0582    0.00456
        35         11     0.0629    0.00419
        35         12      0.054    0.00507
        35         15     0.0522    0.00436
        35         16     0.0662    0.00506
        35         17     0.0725    0.00473
        35         18     0.0859    0.00615
        35         19      0.107      0.005
        35         20       0.12    0.00583
        35         21      0.148    0.00502
        35         22      0.194    0.00581
        35         23      0.219    0.00545
        35         24      0.262    0.00813
        35         25      0.335    0.00676
        35         26       0.39    0.00761
        35         27      0.472    0.00715
        35         28      0.578    0.00856
        35         29      0.596    0.00865
        35         30      0.559    0.00892
        35         31      0.548    0.00692
        35         32      0.542    0.00763
        35         33      0.474     0.0065
        35         34      0.309    0.00595
        35         35      0.251    0.00565
        35         36      0.194    0.00588
        35         37      0.142     0.0047
        35         38      0.122    0.00495
        35         39      0.105    0.00418
        35         40      0.073    0.00436
        35         41     0.0617    0.00424
        35         42     0.0515    0.00468
        36         15     0.0501    0.00406
        36         16     0.0687     0.0062
        36         17     0.0757    0.00557
        36         18     0.0899    0.00642
        36         19      0.109    0.00504
        36         20      0.122    0.00588
        36         21      0.145    0.00502
        36         22      0.196    0.00622
        36         23      0.221    0.00593
        36         24      0.266    0.00882
        36         25      0.323    0.00747
        36         26      0.357    0.00945
        36         27      0.375     0.0075
        36         28      0.483    0.00839
        36         29      0.505    0.00793
        36         30      0.493    0.00891
        36         31      0.441    0.00684
        36         32      0.398    0.00799
        36         33      0.331    0.00611
        36         34      0.234    0.00635
        36         35      0.211    0.00606
        36         36      0.168    0.00621
        36         37      0.127    0.00474
        36         38      0.104    0.00539
        36         39     0.0895    0.00438
        36         40     0.0623    0.00473
        36         41     0.0565    0.00463
        37         15     0.0517    0.00576
        37         16     0.0633    0.00443
        37         17     0.0711    0.00538
        37         18      0.088     0.0043
        37         19      0.117     0.0063
        37         20      0.129    0.00557
        37         21      0.154    0.00754
        37         22      0.184    0.00621
        37         23      0.207    0.00741
        37         24      0.243    0.00607
        37         25      0.302    0.00747
        37         26      0.319    0.00677
        37         27      0.335    0.00788
        37         28      0.368    0.00675
        37         29      0.399     0.0087
        37         30      0.403    0.00664
        37         31      0.335    0.00691
        37         32      0.304    0.00619
        37         33      0.246    0.00671
        37         34      0.195    0.00533
        37         35      0.171    0.00591
        37         36      0.148    0.00435
        37         37        0.1    0.00508
        37         38     0.0878    0.00466
        37         39      0.073    0.00524
        37         40     0.0586    0.00428
        38         15     0.0534    0.00515
        38         16      0.066    0.00429
        38         17     0.0732    0.00468
        38         18      0.087    0.00474
        38         19      0.115    0.00571
        38         20      0.129    0.00575
        38         21      0.155    0.00741
        38         22      0.184    0.00571
        38         23        0.2    0.00664
        38         24      0.217     0.0066
        38         25       0.27    0.00626
        38         26      0.292    0.00627
        38         27      0.317    0.00716
        38         28      0.328    0.00648
        38         29      0.326     0.0078
        38         30      0.287    0.00673
        38         31      0.259    0.00594
        38         32      0.251    0.00601
        38         33      0.218    0.00629
        38         34      0.169    0.00488
        38         35      0.143    0.00534
        38         36      0.117    0.00474
        38         37     0.0843     0.0044
        38         38     0.0774    0.00453
        38         39      0.067    0.00487
        38         40     0.0516    0.00391
        39         15     0.0524    0.00368
        39         16     0.0725      0.006
        39         17      0.079     0.0051
        39         18     0.0921    0.00615
        39         19      0.112    0.00507
        39         20      0.125    0.00695
        39         21      0.145    0.00478
        39         22      0.177    0.00678
        39         23      0.192    0.00573
        39         24      0.211    0.00786
        39         25      0.237    0.00643
        39         26      0.254    0.00804
        39         27      0.263    0.00558
        39         28      0.267    0.00716
        39         29      0.263    0.00638
        39         30      0.236    0.00701
        39         31      0.213    0.00559
        39         32        0.2    0.00664
        39         33       0.18    0.00473
        39         34      0.132    0.00593
        39         35      0.118    0.00527
        39         36     0.0941    0.00562
        39         37     0.0754    0.00451
        39         38     0.0648    0.00532
        39         39     0.0585    0.00389
        40         15     0.0532    0.00515
        40         16     0.0698    0.00436
        40         17     0.0781    0.00465
        40         18     0.0934      0.005
        40         19      0.117    0.00511
        40         20      0.128     0.0053
        40         21      0.142    0.00645
        40         22      0.167    0.00529
        40         23      0.181    0.00547
        40         24      0.202    0.00632
        40         25       0.22     0.0057
        40         26      0.225    0.00599
        40         27      0.215    0.00614
        40         28      0.223    0.00524
        40         29      0.229    0.00592
        40         30      0.216    0.00586
        40         31      0.183    0.00492
        40         32      0.166    0.00515
        40         33      0.137     0.0052
        40         34      0.111    0.00431
        40         35      0.102    0.00456
        40         36     0.0866    0.00449
        40         37      0.065    0.00402
        40         38     0.0563    0.00414
        41         15     0.0556    0.00588
        41         16     0.0682    0.00451
        41         17      0.076    0.00547
        41         18     0.0887    0.00428
        41         19      0.119    0.00727
        41         20      0.128    0.00635
        41         21      0.144    0.00783
        41         22      0.158    0.00624
        41         23      0.168    0.00743
        41         24      0.175    0.00537
        41         25      0.196    0.00662
        41         26        0.2    0.00573
        41         27      0.196    0.00669
        41         28      0.196    0.00598
        41         29      0.192    0.00825
        41         30      0.171    0.00613
        41         31      0.143    0.00612
        41         32      0.136     0.0055
        41         33      0.117    0.00599
        41         34     0.0964    0.00468
        41         35      0.083     0.0055
        41         36     0.0724    0.00412
        41         37     0.0524    0.00503
        42         15     0.0547    0.00428
        42         16     0.0718     0.0051
        42         17     0.0782    0.00477
        42         18     0.0893    0.00621
        42         19      0.108    0.00498
        42         20      0.118    0.00596
        42         21      0.133    0.00551
        42         22       0.15    0.00566
        42         23      0.156    0.00525
        42         24      0.158    0.00692
        42         25       0.17    0.00553
        42         26      0.179    0.00597
        42         27      0.178    0.00518
        42         28      0.165    0.00575
        42         29      0.156    0.00559
        42         30      0.134    0.00588
        42         31      0.117    0.00444
        42         32      0.113    0.00488
        42         33      0.104    0.00416
        42         34     0.0789    0.00449
        42         35     0.0692     0.0043
        42         36     0.0578    0.00501
        43         15     0.0503    0.00404
        43         16       0.07    0.00608
        43         17     0.0772    0.00557
        43         18     0.0903     0.0065
        43         19      0.104    0.00507
        43         20      0.111    0.00587
        43         21      0.116     0.0049
        43         22      0.137    0.00573
        43         23      0.145    0.00544
        43         24      0.153    0.00745
        43         25      0.156    0.00585
        43         26      0.157    0.00712
        43         27      0.148    0.00555
        43         28      0.139    0.00561
        43         29      0.134     0.0053
        43         30      0.119     0.0058
        43         31      0.102    0.00448
        43         32     0.0928    0.00521
        43         33     0.0809    0.00415
        43         34     0.0634    0.00476
        43         35     0.0599    0.00462
        43         36     0.0521    0.00517
        44         15     0.0506     0.0055
        44         16     0.0605    0.00442
        44         17     0.0686    0.00529
        44         18     0.0827    0.00413
        44         19      0.101    0.00612
        44         20      0.105    0.00526
        44         21      0.109    0.00638
        44         22      0.119    0.00507
        44         23      0.126    0.00607
        44         24      0.134    0.00462
        44         25      0.135    0.00588
        44         26      0.136    0.00518
        44         27      0.127    0.00707
        44         28       0.12    0.00547
        44         29      0.115    0.00624
        44         30      0.106    0.00438
        44         31     0.0822    0.00508
        44         32     0.0753    0.00454
        44         33     0.0636    0.00516
        44         34     0.0541    0.00416
        45         15      0.051    0.00506
        45         16     0.0619    0.00416
        45         17     0.0671    0.00465
        45         18     0.0727    0.00496
        45         19      0.091    0.00519
        45         20      0.098    0.00513
        45         21      0.107    0.00578
        45         22      0.112    0.00469
        45         23      0.116    0.00513
        45         24      0.113    0.00537
        45         25      0.119    0.00506
        45         26      0.122    0.00507
        45         27      0.118     0.0069
        45         28      0.106    0.00507
        45         29     0.0989    0.00539
        45         30     0.0862    0.00519
        45         31     0.0704     0.0044
        45         32     0.0656    0.00435
        45         33     0.0581    0.00475
        46         15     0.0508    0.00377
        46         16     0.0639    0.00662
        46         17     0.0671    0.00561
        46         18     0.0721    0.00629
        46         19     0.0799    0.00496
        46         20     0.0855    0.00617
        46         21     0.0919    0.00419
        46         22      0.101    0.00571
        46         23      0.104    0.00501
        46         24      0.103    0.00717
        46         25      0.105    0.00588
        46         26      0.107    0.00741
        46         27     0.0988    0.00529
        46         28     0.0823    0.00568
        46         29     0.0804    0.00488
        46         30     0.0733    0.00641
        46         31      0.063    0.00485
        46         32     0.0547    0.00519
        46         33     0.0513    0.00359
        47         14     0.0527     0.0042
        47         15     0.0545      0.005
        47         16     0.0583    0.00466
        47         17     0.0602    0.00493
        47         18     0.0685    0.00516
        47         19     0.0765    0.00476
        47         20       0.08    0.00478
        47         21     0.0816    0.00551
        47         22     0.0892    0.00452
        47         23     0.0927    0.00491
        47         24     0.0938    0.00599
        47         25     0.0894     0.0053
        47         26     0.0883    0.00522
        47         27     0.0786    0.00572
        47         28     0.0706     0.0044
        47         29       0.07    0.00467
        47         30      0.066    0.00539
        47         31     0.0531    0.00428
        48         13     0.0577    0.00621
        48         14     0.0592    0.00525
        48         15      0.057    0.00569
        48         16     0.0545    0.00445
        48         17     0.0532    0.00526
        48         18     0.0574    0.00404
        48         19     0.0701    0.00648
        48         20     0.0736    0.00564
        48         21      0.079    0.00648
        48         22     0.0812    0.00514
        48         23     0.0814    0.00634
        48         24     0.0764    0.00475
        48         25     0.0725    0.00555
        48         26      0.073    0.00483
        48         27     0.0688    0.00633
        48         28     0.0638    0.00504
        48         29     0.0607    0.00632
        48         30     0.0545    0.00472
        49         14     0.0502    0.00476
        49         15     0.0517    0.00398
        49         16     0.0503    0.00469
        49         17       0.05    0.00429
        49         18     0.0526    0.00555
        49         19     0.0582    0.00441
        49         20      0.062    0.00507
        49         21     0.0695    0.00461
        49         22     0.0729    0.00525
        49         23     0.0711    0.00494
        49         24      0.064     0.0057
        49         25     0.0613    0.00433
        49         26     0.0606    0.00485
        49         27     0.0601    0.00432
        49         28     0.0527    0.00461
        49         29     0.0502    0.00442
        50         18     0.0514    0.00566
        50         19     0.0548    0.00428
        50         20     0.0561      0.005
        50         21     0.0583    0.00436
        50         22     0.0646    0.00584
        50         23     0.0641    0.00536
        50         24     0.0604    0.00571
        50         25     0.0558    0.00438
        50         26     0.0521    0.00508
        51         19     0.0541     0.0059
        51         20     0.0558    0.00504
        51         21     0.0579     0.0058
        51         22     0.0574    0.00475
        51         23     0.0556    0.00569
        51         24     0.0536    0.00423
        52         20     0.0548    0.00519
        52         21     0.0584    0.00511
        52         22     0.0575     0.0044
        52         23     0.0537    0.00496
        53         20      0.057    0.00568
        53         21      0.058    0.00398
        53         22     0.0585    0.00613
        53         23      0.054    0.00525
        54         20     0.0526    0.00433
        54         21     0.0515    0.00489
        54         22     0.0505    0.00429
        56         60     0.0856     0.0053
        56         61      0.125    0.00498
        56         62      0.105    0.00525
        56         63     0.0739    0.00446
        57         60      0.106     0.0054
        57         61      0.163    0.00509
        57         62      0.177     0.0061
        57         63      0.172    0.00649
        57         64      0.054    0.00406
        58         60     0.0584      0.004
        58         61       0.18    0.00628
        58         62      0.189     0.0068
        58         63      0.178    0.00614
        59         61      0.133    0.00581
        59         62      0.135    0.00601
        59         63      0.115    0.00541
