        31         31   4.75e+03        238       1.28
        30         31    4.7e+03        249       1.31
        30         30   4.73e+03        237       1.77
        31         30    4.8e+03        218       1.29
        29         30   4.68e+03        211       2.89
        29         31   4.67e+03        242       2.54
        30         29   4.76e+03        211       3.02
        29         29    4.7e+03      1e+03       14.4
        31         29    4.8e+03        204       3.67
        28         30   4.64e+03        262       7.94
        30         28   4.77e+03        185       2.34
        28         29   4.68e+03      1e+03       72.1
        29         28   4.73e+03        191       5.84
        28         31   4.65e+03        234       5.91
        28         28   4.67e+03        482       56.2
        31         28   4.81e+03        192       2.46
      26.5         29   4.66e+03        266       39.9
        27         30   4.65e+03        360       41.5
      28.5       26.5   4.75e+03        181       10.9
      26.5         28   4.68e+03        215       22.7
        30       26.5   4.79e+03        167       6.94
        26       26.3    4.7e+03        161       9.69
      27.7       24.1   4.75e+03        173       10.5
        31       26.5   4.81e+03        181       2.47
      30.1       23.3   4.79e+03        151       11.4
      31.8         25   4.84e+03        155       8.26
      32.5         27   4.87e+03        177       1.62
        32         28   4.85e+03        190       1.51
        32         29   4.84e+03        201        1.6
      23.3       22.3   4.71e+03        143       11.3
      22.9       26.9   4.65e+03        137       11.1
      24.5       28.5   4.65e+03        145       5.35
      28.6         20   4.77e+03        200       24.2
      30.7        9.2   4.81e+03      1e+03       17.5
        33       22.2   4.86e+03        206       11.8
        33       25.5   4.88e+03        138       2.15
      34.5       24.5   4.89e+03        140       4.46
        34       26.5   4.89e+03        164       1.56
        33         28   4.89e+03        183       1.42
      25.5         30   4.62e+03        170       8.01
        33         29   4.86e+03        209       2.51
      34.1       17.5   4.82e+03        208       16.5
      35.9       22.3   4.88e+03        154       4.49
        35       26.5   4.91e+03        153       2.67
        34       28.5   4.91e+03        177       2.37
      36.5       25.5   4.92e+03        167       4.02
        35         28   4.92e+03        156       2.04
        32         30   4.82e+03        212       1.25
        36       27.5   4.93e+03        146       1.63
      38.2       23.8   4.92e+03        146       4.04
      38.6       20.9   4.93e+03        186       9.13
        33         30   4.83e+03        207       1.29
        35       29.5   4.91e+03        179       2.52
      37.5       27.5   4.92e+03        157       2.19
        34         30   4.89e+03        183       2.92
        36       29.5   4.91e+03        158       1.43
      38.8         26   4.93e+03        162       3.78
        32         31    4.8e+03        220       2.14
        33         31   4.82e+03        198       1.57
        34         31   4.83e+03        192       1.47
      37.3       29.3    4.9e+03        159       4.07
      39.5       28.5    4.9e+03        158       3.22
        35         31   4.86e+03        178       1.22
        31         32   4.72e+03        239       1.48
        32         32    4.8e+03        228       10.7
        30         32   4.69e+03        241       1.47
        33         32   4.81e+03        208       5.79
        27         31   4.62e+03        412       41.4
        36       31.5   4.85e+03        160       1.23
        29         32   4.65e+03        248       3.82
        34       32.5   4.81e+03        194       1.83
      39.6       16.8   4.89e+03        239       15.7
        41         24   4.94e+03        138        3.1
        41       26.7   4.93e+03        180       3.93
      37.7       30.7   4.86e+03        150       1.95
        43       20.8   4.91e+03        194       10.4
        35         32   4.83e+03        175       1.38
      39.7         31   4.86e+03        160       2.46
      42.2       29.5   4.88e+03        192       5.16
      44.4         25   4.92e+03        128       4.63
      36.8         33   4.83e+03        171       2.35
      38.9       33.3   4.83e+03        170       2.84
        33         33   4.79e+03        214       10.3
        35         33   4.81e+03        169       1.23
        32         33   4.77e+03        211       3.02
        31         33   4.69e+03        215       1.18
        30         33   4.68e+03        218       1.45
      42.6       33.7   4.82e+03        237       9.26
      46.3       29.1   4.87e+03        170       13.3
      34.5         34   4.77e+03        161       1.43
        36       35.5   4.76e+03        169       2.27
        33         34   4.76e+03        185       1.56
      39.1       36.7   4.76e+03        197       7.06
        32         34    4.7e+03        190       1.28
      49.8       22.2   4.87e+03        262       28.8
      46.4       16.7   4.91e+03        265       18.7
      33.5       35.5   4.74e+03        161       1.47
        31         34   4.68e+03        199       2.33
      31.5         35   4.69e+03        182       1.22
        29         33   4.65e+03        227       8.15
        28         32   4.62e+03        251       4.51
        30         34   4.67e+03        210       2.31
        34       37.5    4.7e+03        169       2.92
        28         33   4.61e+03        199       4.18
        29         34   4.62e+03        200       4.77
      31.5       36.5   4.68e+03        171       3.03
        27         32   4.59e+03        198       6.32
      29.5         35   4.64e+03        181       2.26
      35.6       39.9   4.72e+03        197       7.69
        26         31    4.6e+03        207       7.54
        28         34   4.58e+03        169       2.06
        27         33   4.57e+03        184       1.75
      31.9       39.1   4.67e+03        178       3.44
      29.5         36   4.63e+03        181        3.9
        26         32   4.57e+03        183       5.07
      27.5         35   4.57e+03        194       4.41
        27         34   4.56e+03        167       2.82
      24.5         31   4.58e+03        153        7.8
        26         33   4.57e+03        179       2.29
        29       37.5   4.62e+03        172       4.27
      24.5         32   4.56e+03        132       3.18
      27.5         36   4.59e+03        176       3.76
        26         34   4.54e+03        160       4.23
      22.8       29.6   4.61e+03        153       4.53
      24.5         33   4.56e+03        165       2.95
      25.5         35   4.54e+03        164       3.44
      24.3       34.3   4.53e+03        150       3.72
      28.9       39.9   4.62e+03        194       6.22
      26.3       36.7   4.57e+03        131       2.87
      30.2       42.8   4.64e+03        256       23.1
      26.5         39   4.58e+03        138       2.73
      22.5       31.5   4.56e+03        140       4.89
      24.5       36.5   4.54e+03        161       1.92
      19.1       25.7   4.65e+03        148       11.5
      20.2       29.5   4.61e+03        159       4.96
      22.3       33.3   4.55e+03        142       4.13
      22.7       34.7   4.53e+03        140       5.21
      24.6       38.8   4.56e+03        159       5.75
      22.2       36.4   4.52e+03        143       6.01
      19.9       32.3   4.56e+03        156       6.41
      25.7       42.8   4.56e+03        167       14.2
        20       34.5   4.52e+03        119       7.47
      22.8       39.4   4.51e+03        155        8.6
      16.1       29.2    4.6e+03        169       11.3
      19.9       37.1    4.5e+03        138       5.38
      20.2       40.3   4.53e+03        159       13.6
      16.5         33   4.54e+03        151          6
      16.5         36   4.52e+03        121       4.25
      21.9       44.1   4.49e+03        450       19.1
      16.7       39.5   4.52e+03        126       7.62
      12.4       33.1   4.56e+03        162       8.32
        17         44   4.53e+03        137       13.6
      11.7       38.1   4.54e+03        128       4.11
      12.3       42.7   4.51e+03        371       14.3
      57.4       61.8   4.77e+03      1e+03       15.3
