  9.000000  37.000000      152
  9.000000  38.000000      152
  9.000000  39.000000      152
  9.000000  40.000000      152
  9.000000  41.000000      153
 10.000000  34.000000      150
 10.000000  35.000000      150
 10.000000  36.000000      152
 10.000000  37.000000      152
 10.000000  38.000000      152
 10.000000  39.000000      152
 10.000000  40.000000      152
 10.000000  41.000000      153
 10.000000  42.000000      153
 10.000000  43.000000      153
 11.000000  33.000000      150
 11.000000  34.000000      150
 11.000000  35.000000      150
 11.000000  36.000000      152
 11.000000  37.000000      152
 11.000000  38.000000      152
 11.000000  39.000000      152
 11.000000  40.000000      152
 11.000000  41.000000      153
 11.000000  42.000000      153
 11.000000  43.000000      153
 11.000000  44.000000      153
 11.000000  45.000000      153
 12.000000  31.000000      150
 12.000000  32.000000      150
 12.000000  33.000000      150
 12.000000  34.000000      150
 12.000000  35.000000      150
 12.000000  36.000000      152
 12.000000  37.000000      152
 12.000000  38.000000      152
 12.000000  39.000000      152
 12.000000  40.000000      152
 12.000000  41.000000      153
 12.000000  42.000000      153
 12.000000  43.000000      153
 12.000000  44.000000      153
 12.000000  45.000000      153
 13.000000  11.000000       29
 13.000000  30.000000      150
 13.000000  31.000000      150
 13.000000  32.000000      150
 13.000000  33.000000      150
 13.000000  34.000000      150
 13.000000  35.000000      150
 13.000000  36.000000      152
 13.000000  37.000000      152
 13.000000  38.000000      152
 13.000000  39.000000      152
 13.000000  40.000000      152
 13.000000  41.000000      153
 13.000000  42.000000      153
 13.000000  43.000000      153
 13.000000  44.000000      153
 13.000000  45.000000      153
 14.000000  28.000000      143
 14.000000  29.000000      143
 14.000000  30.000000      143
 14.000000  31.000000      150
 14.000000  32.000000      150
 14.000000  33.000000      150
 14.000000  34.000000      150
 14.000000  35.000000      150
 14.000000  36.000000      152
 14.000000  37.000000      152
 14.000000  38.000000      152
 14.000000  39.000000      152
 14.000000  40.000000      152
 14.000000  41.000000      153
 14.000000  42.000000      153
 14.000000  43.000000      153
 14.000000  44.000000      153
 14.000000  45.000000      153
 15.000000  28.000000      143
 15.000000  29.000000      143
 15.000000  30.000000      143
 15.000000  31.000000      143
 15.000000  32.000000      146
 15.000000  33.000000      146
 15.000000  34.000000      146
 15.000000  35.000000      147
 15.000000  36.000000      147
 15.000000  37.000000      147
 15.000000  38.000000      152
 15.000000  39.000000      149
 15.000000  40.000000      149
 15.000000  41.000000      153
 15.000000  42.000000      153
 15.000000  43.000000      151
 15.000000  44.000000      151
 15.000000  45.000000      151
 15.000000  46.000000      151
 16.000000  27.000000      143
 16.000000  28.000000      143
 16.000000  29.000000      143
 16.000000  30.000000      143
 16.000000  31.000000      143
 16.000000  32.000000      146
 16.000000  33.000000      146
 16.000000  34.000000      146
 16.000000  35.000000      147
 16.000000  36.000000      147
 16.000000  37.000000      147
 16.000000  38.000000      149
 16.000000  39.000000      149
 16.000000  40.000000      149
 16.000000  41.000000      149
 16.000000  42.000000      151
 16.000000  43.000000      151
 16.000000  44.000000      151
 16.000000  45.000000      151
 16.000000  46.000000      151
 17.000000  25.000000      133
 17.000000  26.000000      133
 17.000000  27.000000      143
 17.000000  28.000000      143
 17.000000  29.000000      143
 17.000000  30.000000      143
 17.000000  31.000000      143
 17.000000  32.000000      146
 17.000000  33.000000      146
 17.000000  34.000000      146
 17.000000  35.000000      147
 17.000000  36.000000      147
 17.000000  37.000000      147
 17.000000  38.000000      149
 17.000000  39.000000      149
 17.000000  40.000000      149
 17.000000  41.000000      149
 17.000000  42.000000      151
 17.000000  43.000000      151
 17.000000  44.000000      151
 17.000000  45.000000      151
 17.000000  46.000000      151
 18.000000  24.000000      133
 18.000000  25.000000      133
 18.000000  26.000000      133
 18.000000  27.000000      133
 18.000000  28.000000      143
 18.000000  29.000000      143
 18.000000  30.000000      143
 18.000000  31.000000      143
 18.000000  32.000000      146
 18.000000  33.000000      146
 18.000000  34.000000      146
 18.000000  35.000000      147
 18.000000  36.000000      147
 18.000000  37.000000      147
 18.000000  38.000000      149
 18.000000  39.000000      149
 18.000000  40.000000      149
 18.000000  41.000000      149
 18.000000  42.000000      151
 18.000000  43.000000      151
 18.000000  44.000000      151
 18.000000  45.000000      151
 19.000000  24.000000      133
 19.000000  25.000000      133
 19.000000  26.000000      133
 19.000000  27.000000      133
 19.000000  28.000000      133
 19.000000  29.000000      134
 19.000000  30.000000      134
 19.000000  31.000000      139
 19.000000  32.000000      139
 19.000000  33.000000      139
 19.000000  34.000000      141
 19.000000  35.000000      141
 19.000000  36.000000      144
 19.000000  37.000000      144
 19.000000  38.000000      144
 19.000000  39.000000      145
 19.000000  40.000000      145
 19.000000  41.000000      145
 19.000000  42.000000      151
 19.000000  43.000000      151
 19.000000  44.000000      151
 19.000000  45.000000      151
 19.000000  46.000000      151
 20.000000  23.000000       29
 20.000000  24.000000      133
 20.000000  25.000000      133
 20.000000  26.000000      133
 20.000000  27.000000      133
 20.000000  28.000000      134
 20.000000  29.000000      134
 20.000000  30.000000      134
 20.000000  31.000000      134
 20.000000  32.000000      139
 20.000000  33.000000      139
 20.000000  34.000000      141
 20.000000  35.000000      141
 20.000000  36.000000      144
 20.000000  37.000000      144
 20.000000  38.000000      144
 20.000000  39.000000      145
 20.000000  40.000000      145
 20.000000  41.000000      145
 20.000000  42.000000      145
 20.000000  43.000000      148
 20.000000  44.000000      148
 20.000000  45.000000      148
 20.000000  46.000000      148
 21.000000  22.000000       29
 21.000000  23.000000       29
 21.000000  24.000000       29
 21.000000  25.000000      133
 21.000000  26.000000      133
 21.000000  27.000000      133
 21.000000  28.000000      134
 21.000000  29.000000      134
 21.000000  30.000000      134
 21.000000  31.000000      134
 21.000000  32.000000      139
 21.000000  33.000000      139
 21.000000  34.000000      141
 21.000000  35.000000      141
 21.000000  36.000000      138
 21.000000  37.000000      144
 21.000000  38.000000      144
 21.000000  39.000000      145
 21.000000  40.000000      145
 21.000000  41.000000      145
 21.000000  42.000000      148
 21.000000  43.000000      148
 21.000000  44.000000      148
 21.000000  45.000000      148
 21.000000  46.000000      148
 22.000000  22.000000       29
 22.000000  23.000000       29
 22.000000  24.000000       29
 22.000000  25.000000       29
 22.000000  26.000000       30
 22.000000  27.000000       30
 22.000000  28.000000       30
 22.000000  29.000000      123
 22.000000  30.000000      123
 22.000000  31.000000      131
 22.000000  32.000000      131
 22.000000  33.000000      135
 22.000000  34.000000      135
 22.000000  35.000000      136
 22.000000  36.000000      138
 22.000000  37.000000      138
 22.000000  38.000000      142
 22.000000  39.000000      142
 22.000000  40.000000      142
 22.000000  41.000000      145
 22.000000  42.000000      148
 22.000000  43.000000      148
 22.000000  44.000000      148
 22.000000  45.000000      148
 23.000000  21.000000       29
 23.000000  22.000000       29
 23.000000  23.000000       29
 23.000000  24.000000       29
 23.000000  25.000000       29
 23.000000  26.000000       30
 23.000000  27.000000       30
 23.000000  28.000000       30
 23.000000  29.000000      123
 23.000000  30.000000      123
 23.000000  31.000000      131
 23.000000  32.000000      131
 23.000000  33.000000      135
 23.000000  34.000000      136
 23.000000  35.000000      136
 23.000000  36.000000      138
 23.000000  37.000000      138
 23.000000  38.000000      142
 23.000000  39.000000      142
 23.000000  40.000000      142
 23.000000  41.000000      142
 23.000000  42.000000      148
 23.000000  43.000000      148
 23.000000  44.000000      148
 23.000000  45.000000      148
 23.000000  46.000000      148
 24.000000  20.000000       29
 24.000000  21.000000       29
 24.000000  22.000000       29
 24.000000  23.000000       29
 24.000000  24.000000       29
 24.000000  25.000000       29
 24.000000  26.000000       30
 24.000000  27.000000       30
 24.000000  28.000000       31
 24.000000  29.000000       31
 24.000000  30.000000      123
 24.000000  31.000000      117
 24.000000  32.000000      120
 24.000000  33.000000      124
 24.000000  34.000000      126
 24.000000  35.000000      126
 24.000000  36.000000      132
 24.000000  37.000000      132
 24.000000  38.000000      137
 24.000000  39.000000      137
 24.000000  40.000000      142
 24.000000  41.000000      140
 24.000000  42.000000      140
 24.000000  43.000000      140
 24.000000  44.000000      148
 24.000000  45.000000      148
 24.000000  46.000000      148
 25.000000  19.000000       29
 25.000000  20.000000       29
 25.000000  21.000000       29
 25.000000  22.000000       29
 25.000000  23.000000       29
 25.000000  24.000000       29
 25.000000  25.000000       29
 25.000000  26.000000       21
 25.000000  27.000000       21
 25.000000  28.000000       31
 25.000000  29.000000       31
 25.000000  30.000000       39
 25.000000  31.000000      117
 25.000000  32.000000      120
 25.000000  33.000000      124
 25.000000  34.000000      126
 25.000000  35.000000      125
 25.000000  36.000000      132
 25.000000  37.000000      132
 25.000000  38.000000      137
 25.000000  39.000000      137
 25.000000  40.000000      137
 25.000000  41.000000      140
 25.000000  42.000000      140
 25.000000  43.000000      140
 25.000000  44.000000      140
 25.000000  45.000000      140
 26.000000   7.000000       33
 26.000000   8.000000       33
 26.000000  19.000000       32
 26.000000  20.000000       32
 26.000000  21.000000       29
 26.000000  22.000000       29
 26.000000  23.000000       29
 26.000000  24.000000       29
 26.000000  25.000000       21
 26.000000  26.000000       21
 26.000000  27.000000       21
 26.000000  28.000000       19
 26.000000  29.000000       16
 26.000000  30.000000       39
 26.000000  31.000000      109
 26.000000  32.000000      114
 26.000000  33.000000      118
 26.000000  34.000000      122
 26.000000  35.000000      125
 26.000000  36.000000      128
 26.000000  37.000000      128
 26.000000  38.000000      130
 26.000000  39.000000      130
 26.000000  40.000000      130
 26.000000  41.000000      140
 26.000000  42.000000      140
 26.000000  43.000000      140
 26.000000  44.000000      140
 26.000000  45.000000      140
 27.000000   6.000000       33
 27.000000   7.000000       33
 27.000000   8.000000       33
 27.000000  19.000000       32
 27.000000  20.000000       32
 27.000000  21.000000       32
 27.000000  22.000000       32
 27.000000  23.000000       22
 27.000000  24.000000       22
 27.000000  25.000000       22
 27.000000  26.000000       21
 27.000000  27.000000       21
 27.000000  28.000000       19
 27.000000  29.000000       16
 27.000000  30.000000       17
 27.000000  31.000000       67
 27.000000  32.000000      106
 27.000000  33.000000      111
 27.000000  34.000000      116
 27.000000  35.000000      115
 27.000000  36.000000      121
 27.000000  37.000000      128
 27.000000  38.000000      130
 27.000000  39.000000      130
 27.000000  40.000000      130
 27.000000  41.000000      140
 27.000000  42.000000      140
 27.000000  43.000000      140
 27.000000  44.000000      140
 27.000000  45.000000      140
 28.000000   7.000000       33
 28.000000   8.000000       33
 28.000000  18.000000       32
 28.000000  19.000000       32
 28.000000  20.000000       32
 28.000000  21.000000       32
 28.000000  22.000000       32
 28.000000  23.000000       22
 28.000000  24.000000       22
 28.000000  25.000000       22
 28.000000  26.000000       18
 28.000000  27.000000       18
 28.000000  28.000000       14
 28.000000  29.000000       11
 28.000000  30.000000        9
 28.000000  31.000000       13
 28.000000  32.000000      100
 28.000000  33.000000      103
 28.000000  34.000000      110
 28.000000  35.000000      115
 28.000000  36.000000      121
 28.000000  37.000000      119
 28.000000  38.000000      119
 28.000000  39.000000      127
 28.000000  40.000000      127
 28.000000  41.000000      127
 28.000000  42.000000      129
 28.000000  43.000000      129
 28.000000  44.000000      129
 28.000000  45.000000      129
 29.000000  18.000000       32
 29.000000  19.000000       32
 29.000000  20.000000       32
 29.000000  21.000000       32
 29.000000  22.000000       32
 29.000000  23.000000       24
 29.000000  24.000000       24
 29.000000  25.000000       22
 29.000000  26.000000       18
 29.000000  27.000000       18
 29.000000  28.000000       12
 29.000000  29.000000        7
 29.000000  30.000000        4
 29.000000  31.000000        5
 29.000000  32.000000       69
 29.000000  33.000000       99
 29.000000  34.000000      104
 29.000000  35.000000      107
 29.000000  36.000000      113
 29.000000  37.000000      119
 29.000000  38.000000      119
 29.000000  39.000000      127
 29.000000  40.000000      127
 29.000000  41.000000      127
 29.000000  42.000000      129
 29.000000  43.000000      129
 29.000000  44.000000      129
 29.000000  45.000000      129
 30.000000  18.000000       32
 30.000000  19.000000       32
 30.000000  20.000000       32
 30.000000  21.000000       32
 30.000000  22.000000       24
 30.000000  23.000000       24
 30.000000  24.000000       24
 30.000000  25.000000       24
 30.000000  26.000000       20
 30.000000  27.000000       20
 30.000000  28.000000       10
 30.000000  29.000000        6
 30.000000  30.000000        2
 30.000000  31.000000        1
 30.000000  32.000000       65
 30.000000  33.000000       86
 30.000000  34.000000      101
 30.000000  35.000000      107
 30.000000  36.000000      113
 30.000000  37.000000      119
 30.000000  38.000000      119
 30.000000  39.000000      127
 30.000000  40.000000      127
 30.000000  41.000000      129
 30.000000  42.000000      129
 30.000000  43.000000      129
 30.000000  44.000000      129
 31.000000  17.000000       41
 31.000000  18.000000       41
 31.000000  19.000000       32
 31.000000  20.000000       32
 31.000000  21.000000       32
 31.000000  22.000000       24
 31.000000  23.000000       24
 31.000000  24.000000       24
 31.000000  25.000000       25
 31.000000  26.000000       23
 31.000000  27.000000       23
 31.000000  28.000000       15
 31.000000  29.000000        8
 31.000000  30.000000        3
 31.000000  31.000000        0
 31.000000  32.000000       63
 31.000000  33.000000       85
 31.000000  34.000000       97
 31.000000  35.000000       98
 31.000000  36.000000      105
 31.000000  37.000000      105
 31.000000  38.000000      112
 31.000000  39.000000      112
 31.000000  40.000000      112
 31.000000  41.000000      129
 31.000000  42.000000      129
 31.000000  43.000000      129
 31.000000  44.000000      129
 32.000000  16.000000       41
 32.000000  17.000000       41
 32.000000  18.000000       41
 32.000000  19.000000       41
 32.000000  20.000000       41
 32.000000  21.000000       34
 32.000000  22.000000       34
 32.000000  23.000000       34
 32.000000  24.000000       25
 32.000000  25.000000       25
 32.000000  26.000000       25
 32.000000  27.000000       26
 32.000000  28.000000       27
 32.000000  29.000000       28
 32.000000  30.000000       47
 32.000000  31.000000       57
 32.000000  32.000000       64
 32.000000  33.000000       84
 32.000000  34.000000       93
 32.000000  35.000000       98
 32.000000  36.000000      105
 32.000000  37.000000      105
 32.000000  38.000000      112
 32.000000  39.000000      112
 32.000000  40.000000      112
 32.000000  41.000000      129
 32.000000  42.000000      129
 32.000000  43.000000      129
 33.000000  10.000000       33
 33.000000  11.000000       33
 33.000000  12.000000       33
 33.000000  16.000000       41
 33.000000  17.000000       41
 33.000000  18.000000       41
 33.000000  19.000000       41
 33.000000  20.000000       41
 33.000000  21.000000       34
 33.000000  22.000000       34
 33.000000  23.000000       34
 33.000000  24.000000       34
 33.000000  25.000000       35
 33.000000  26.000000       35
 33.000000  27.000000       26
 33.000000  28.000000       38
 33.000000  29.000000       40
 33.000000  30.000000       51
 33.000000  31.000000       58
 33.000000  32.000000       66
 33.000000  33.000000       82
 33.000000  34.000000       91
 33.000000  35.000000       96
 33.000000  36.000000       96
 33.000000  37.000000      102
 33.000000  38.000000      102
 33.000000  39.000000      112
 33.000000  40.000000      112
 33.000000  41.000000      108
 33.000000  42.000000      129
 33.000000  43.000000      129
 34.000000  10.000000       33
 34.000000  11.000000       33
 34.000000  12.000000       33
 34.000000  15.000000       41
 34.000000  16.000000       41
 34.000000  17.000000       41
 34.000000  18.000000       41
 34.000000  19.000000       41
 34.000000  20.000000       41
 34.000000  21.000000       34
 34.000000  22.000000       34
 34.000000  23.000000       34
 34.000000  24.000000       36
 34.000000  25.000000       36
 34.000000  26.000000       37
 34.000000  27.000000       37
 34.000000  28.000000       44
 34.000000  29.000000       44
 34.000000  30.000000       54
 34.000000  31.000000       59
 34.000000  32.000000       70
 34.000000  33.000000       70
 34.000000  34.000000       89
 34.000000  35.000000       96
 34.000000  36.000000       96
 34.000000  37.000000      102
 34.000000  38.000000      102
 34.000000  39.000000      108
 34.000000  40.000000      108
 34.000000  41.000000      108
 34.000000  42.000000      108
 35.000000  10.000000       33
 35.000000  11.000000       33
 35.000000  12.000000       41
 35.000000  15.000000       41
 35.000000  16.000000       41
 35.000000  17.000000       41
 35.000000  18.000000       41
 35.000000  19.000000       41
 35.000000  20.000000       41
 35.000000  21.000000       42
 35.000000  22.000000       42
 35.000000  23.000000       42
 35.000000  24.000000       36
 35.000000  25.000000       36
 35.000000  26.000000       43
 35.000000  27.000000       43
 35.000000  28.000000       46
 35.000000  29.000000       52
 35.000000  30.000000       52
 35.000000  31.000000       62
 35.000000  32.000000       76
 35.000000  33.000000       83
 35.000000  34.000000       89
 35.000000  35.000000       90
 35.000000  36.000000       90
 35.000000  37.000000      102
 35.000000  38.000000      102
 35.000000  39.000000      108
 35.000000  40.000000      108
 35.000000  41.000000      108
 35.000000  42.000000      108
 36.000000  15.000000       41
 36.000000  16.000000       41
 36.000000  17.000000       41
 36.000000  18.000000       41
 36.000000  19.000000       41
 36.000000  20.000000       41
 36.000000  21.000000       42
 36.000000  22.000000       42
 36.000000  23.000000       42
 36.000000  24.000000       42
 36.000000  25.000000       45
 36.000000  26.000000       45
 36.000000  27.000000       48
 36.000000  28.000000       48
 36.000000  29.000000       55
 36.000000  30.000000       55
 36.000000  31.000000       68
 36.000000  32.000000       68
 36.000000  33.000000       80
 36.000000  34.000000       90
 36.000000  35.000000       90
 36.000000  36.000000       90
 36.000000  37.000000       90
 36.000000  38.000000      108
 36.000000  39.000000      108
 36.000000  40.000000      108
 36.000000  41.000000      108
 37.000000  15.000000       71
 37.000000  16.000000       71
 37.000000  17.000000       71
 37.000000  18.000000       41
 37.000000  19.000000       41
 37.000000  20.000000       50
 37.000000  21.000000       50
 37.000000  22.000000       42
 37.000000  23.000000       42
 37.000000  24.000000       49
 37.000000  25.000000       45
 37.000000  26.000000       45
 37.000000  27.000000       53
 37.000000  28.000000       53
 37.000000  29.000000       60
 37.000000  30.000000       60
 37.000000  31.000000       74
 37.000000  32.000000       80
 37.000000  33.000000       80
 37.000000  34.000000       80
 37.000000  35.000000       90
 37.000000  36.000000       90
 37.000000  37.000000       92
 37.000000  38.000000      108
 37.000000  39.000000      108
 37.000000  40.000000      108
 38.000000  15.000000       71
 38.000000  16.000000       71
 38.000000  17.000000       71
 38.000000  18.000000       71
 38.000000  19.000000       71
 38.000000  20.000000       50
 38.000000  21.000000       50
 38.000000  22.000000       50
 38.000000  23.000000       49
 38.000000  24.000000       49
 38.000000  25.000000       49
 38.000000  26.000000       56
 38.000000  27.000000       53
 38.000000  28.000000       53
 38.000000  29.000000       60
 38.000000  30.000000       74
 38.000000  31.000000       74
 38.000000  32.000000       81
 38.000000  33.000000       81
 38.000000  34.000000       81
 38.000000  35.000000       92
 38.000000  36.000000       92
 38.000000  37.000000       92
 38.000000  38.000000       92
 38.000000  39.000000      108
 38.000000  40.000000      108
 39.000000  15.000000       71
 39.000000  16.000000       71
 39.000000  17.000000       71
 39.000000  18.000000       71
 39.000000  19.000000       71
 39.000000  20.000000       50
 39.000000  21.000000       50
 39.000000  22.000000       50
 39.000000  23.000000       49
 39.000000  24.000000       49
 39.000000  25.000000       56
 39.000000  26.000000       56
 39.000000  27.000000       56
 39.000000  28.000000       61
 39.000000  29.000000       61
 39.000000  30.000000       77
 39.000000  31.000000       77
 39.000000  32.000000       77
 39.000000  33.000000       81
 39.000000  34.000000       81
 39.000000  35.000000       92
 39.000000  36.000000       92
 39.000000  37.000000       92
 39.000000  38.000000       92
 39.000000  39.000000       92
 40.000000  15.000000       71
 40.000000  16.000000       71
 40.000000  17.000000       71
 40.000000  18.000000       71
 40.000000  19.000000       71
 40.000000  20.000000       50
 40.000000  21.000000       50
 40.000000  22.000000       50
 40.000000  23.000000       72
 40.000000  24.000000       72
 40.000000  25.000000       72
 40.000000  26.000000       73
 40.000000  27.000000       73
 40.000000  28.000000       61
 40.000000  29.000000       61
 40.000000  30.000000       77
 40.000000  31.000000       77
 40.000000  32.000000       77
 40.000000  33.000000       81
 40.000000  34.000000       81
 40.000000  35.000000       92
 40.000000  36.000000       92
 40.000000  37.000000       92
 40.000000  38.000000       92
 41.000000  15.000000       71
 41.000000  16.000000       71
 41.000000  17.000000       71
 41.000000  18.000000       71
 41.000000  19.000000       71
 41.000000  20.000000       75
 41.000000  21.000000       75
 41.000000  22.000000       75
 41.000000  23.000000       72
 41.000000  24.000000       72
 41.000000  25.000000       72
 41.000000  26.000000       73
 41.000000  27.000000       73
 41.000000  28.000000       73
 41.000000  29.000000       78
 41.000000  30.000000       78
 41.000000  31.000000       77
 41.000000  32.000000       87
 41.000000  33.000000       87
 41.000000  34.000000       87
 41.000000  35.000000       87
 41.000000  36.000000       92
 41.000000  37.000000       92
 42.000000  15.000000       71
 42.000000  16.000000       71
 42.000000  17.000000       71
 42.000000  18.000000       71
 42.000000  19.000000       75
 42.000000  20.000000       75
 42.000000  21.000000       75
 42.000000  22.000000       75
 42.000000  23.000000       72
 42.000000  24.000000       72
 42.000000  25.000000       72
 42.000000  26.000000       73
 42.000000  27.000000       73
 42.000000  28.000000       78
 42.000000  29.000000       78
 42.000000  30.000000       78
 42.000000  31.000000       78
 42.000000  32.000000       87
 42.000000  33.000000       87
 42.000000  34.000000       87
 42.000000  35.000000       87
 42.000000  36.000000       87
 43.000000  15.000000       95
 43.000000  16.000000       95
 43.000000  17.000000       95
 43.000000  18.000000       95
 43.000000  19.000000       75
 43.000000  20.000000       75
 43.000000  21.000000       75
 43.000000  22.000000       75
 43.000000  23.000000       75
 43.000000  24.000000       79
 43.000000  25.000000       79
 43.000000  26.000000       79
 43.000000  27.000000       79
 43.000000  28.000000       78
 43.000000  29.000000       78
 43.000000  30.000000       78
 43.000000  31.000000       78
 43.000000  32.000000       87
 43.000000  33.000000       87
 43.000000  34.000000       87
 43.000000  35.000000       87
 43.000000  36.000000       87
 44.000000  15.000000       95
 44.000000  16.000000       95
 44.000000  17.000000       95
 44.000000  18.000000       95
 44.000000  19.000000       75
 44.000000  20.000000       75
 44.000000  21.000000       75
 44.000000  22.000000       75
 44.000000  23.000000       79
 44.000000  24.000000       79
 44.000000  25.000000       79
 44.000000  26.000000       79
 44.000000  27.000000       79
 44.000000  28.000000       88
 44.000000  29.000000       88
 44.000000  30.000000       88
 44.000000  31.000000       88
 44.000000  32.000000       87
 44.000000  33.000000       87
 44.000000  34.000000       87
 45.000000  15.000000       95
 45.000000  16.000000       95
 45.000000  17.000000       95
 45.000000  18.000000       95
 45.000000  19.000000       95
 45.000000  20.000000       75
 45.000000  21.000000       75
 45.000000  22.000000       75
 45.000000  23.000000       79
 45.000000  24.000000       79
 45.000000  25.000000       79
 45.000000  26.000000       79
 45.000000  27.000000       88
 45.000000  28.000000       88
 45.000000  29.000000       88
 45.000000  30.000000       88
 45.000000  31.000000       88
 45.000000  32.000000       88
 45.000000  33.000000       87
 46.000000  15.000000       95
 46.000000  16.000000       95
 46.000000  17.000000       95
 46.000000  18.000000       95
 46.000000  19.000000       95
 46.000000  20.000000       95
 46.000000  21.000000       94
 46.000000  22.000000       94
 46.000000  23.000000       94
 46.000000  24.000000       79
 46.000000  25.000000       79
 46.000000  26.000000       79
 46.000000  27.000000       88
 46.000000  28.000000       88
 46.000000  29.000000       88
 46.000000  30.000000       88
 46.000000  31.000000       88
 46.000000  32.000000       88
 46.000000  33.000000       88
 47.000000  14.000000       95
 47.000000  15.000000       95
 47.000000  16.000000       95
 47.000000  17.000000       95
 47.000000  18.000000       95
 47.000000  19.000000       95
 47.000000  20.000000       95
 47.000000  21.000000       94
 47.000000  22.000000       94
 47.000000  23.000000       94
 47.000000  24.000000       94
 47.000000  25.000000       94
 47.000000  26.000000       88
 47.000000  27.000000       88
 47.000000  28.000000       88
 47.000000  29.000000       88
 47.000000  30.000000       88
 47.000000  31.000000       88
 48.000000  13.000000       95
 48.000000  14.000000       95
 48.000000  15.000000       95
 48.000000  16.000000       95
 48.000000  17.000000       95
 48.000000  18.000000       95
 48.000000  19.000000       95
 48.000000  20.000000       94
 48.000000  21.000000       94
 48.000000  22.000000       94
 48.000000  23.000000       94
 48.000000  24.000000       94
 48.000000  25.000000       94
 48.000000  26.000000       94
 48.000000  27.000000       88
 48.000000  28.000000       88
 48.000000  29.000000       88
 48.000000  30.000000       88
 49.000000  14.000000       95
 49.000000  15.000000       95
 49.000000  16.000000       95
 49.000000  17.000000       95
 49.000000  18.000000       95
 49.000000  19.000000       94
 49.000000  20.000000       94
 49.000000  21.000000       94
 49.000000  22.000000       94
 49.000000  23.000000       94
 49.000000  24.000000       94
 49.000000  25.000000       94
 49.000000  26.000000       94
 49.000000  27.000000       88
 49.000000  28.000000       88
 49.000000  29.000000       88
 50.000000  18.000000       95
 50.000000  19.000000       94
 50.000000  20.000000       94
 50.000000  21.000000       94
 50.000000  22.000000       94
 50.000000  23.000000       94
 50.000000  24.000000       94
 50.000000  25.000000       94
 50.000000  26.000000       94
 51.000000  19.000000       94
 51.000000  20.000000       94
 51.000000  21.000000       94
 51.000000  22.000000       94
 51.000000  23.000000       94
 51.000000  24.000000       94
 52.000000  20.000000       94
 52.000000  21.000000       94
 52.000000  22.000000       94
 52.000000  23.000000       94
 53.000000  20.000000       94
 53.000000  21.000000       94
 53.000000  22.000000       94
 53.000000  23.000000       94
 54.000000  20.000000       94
 54.000000  21.000000       94
 54.000000  22.000000       94
 56.000000  60.000000      154
 56.000000  61.000000      154
 56.000000  62.000000      154
 56.000000  63.000000      154
 57.000000  60.000000      154
 57.000000  61.000000      154
 57.000000  62.000000      154
 57.000000  63.000000      154
 57.000000  64.000000      154
 58.000000  60.000000      154
 58.000000  61.000000      154
 58.000000  62.000000      154
 58.000000  63.000000      154
 59.000000  61.000000      154
 59.000000  62.000000      154
 59.000000  63.000000      154
